{
 "cells": [
  {
   "cell_type": "code",
   "execution_count": 1,
   "metadata": {},
   "outputs": [],
   "source": [
    "from sklearn.metrics import mean_squared_error"
   ]
  },
  {
   "cell_type": "code",
   "execution_count": 3,
   "metadata": {},
   "outputs": [],
   "source": [
    "from sklearn.linear_model import LogisticRegression"
   ]
  },
  {
   "cell_type": "code",
   "execution_count": 4,
   "metadata": {},
   "outputs": [],
   "source": [
    "best_epoch = None\n",
    "best_model = None"
   ]
  },
  {
   "cell_type": "code",
   "execution_count": 6,
   "metadata": {},
   "outputs": [],
   "source": [
    "from sklearn.model_selection import train_test_split"
   ]
  },
  {
   "cell_type": "code",
   "execution_count": 7,
   "metadata": {},
   "outputs": [],
   "source": [
    "from sklearn import datasets"
   ]
  },
  {
   "cell_type": "code",
   "execution_count": 8,
   "metadata": {},
   "outputs": [],
   "source": [
    "iris = datasets.load_iris()"
   ]
  },
  {
   "cell_type": "code",
   "execution_count": 31,
   "metadata": {},
   "outputs": [],
   "source": [
    "X, y = iris['data'][:, (2, 3)], iris['target']"
   ]
  },
  {
   "cell_type": "code",
   "execution_count": 57,
   "metadata": {},
   "outputs": [],
   "source": [
    "X_train, X_test ,y_train, y_test = train_test_split(X, y,test_size = 0.2, random_state = 30)"
   ]
  },
  {
   "cell_type": "code",
   "execution_count": 58,
   "metadata": {},
   "outputs": [],
   "source": [
    "import numpy as np"
   ]
  },
  {
   "cell_type": "code",
   "execution_count": 59,
   "metadata": {},
   "outputs": [
    {
     "data": {
      "text/plain": [
       "array([[0., 0., 0.],\n",
       "       [0., 0., 0.]])"
      ]
     },
     "execution_count": 59,
     "metadata": {},
     "output_type": "execute_result"
    }
   ],
   "source": [
    "np.zeros((2,3))"
   ]
  },
  {
   "cell_type": "code",
   "execution_count": 60,
   "metadata": {},
   "outputs": [],
   "source": [
    "def onehot(y):\n",
    "    N = y.max() + 1\n",
    "    m = len(y)\n",
    "    matrix = np.zeros((m, N))\n",
    "    matrix[np.arange(m), y] = 1\n",
    "    return matrix"
   ]
  },
  {
   "cell_type": "code",
   "execution_count": 61,
   "metadata": {},
   "outputs": [],
   "source": [
    "y_test = onehot(y_test)"
   ]
  },
  {
   "cell_type": "code",
   "execution_count": 165,
   "metadata": {},
   "outputs": [],
   "source": [
    "y_train = onehot(y_train)"
   ]
  },
  {
   "cell_type": "code",
   "execution_count": 63,
   "metadata": {},
   "outputs": [],
   "source": [
    "def softmax(logits):\n",
    "    exps = np.exp(logits)\n",
    "    exp_sums = np.sum(exps, axis = 1, keepdims = True)\n",
    "    return exps/exp_sums"
   ]
  },
  {
   "cell_type": "code",
   "execution_count": 96,
   "metadata": {},
   "outputs": [],
   "source": [
    "X_new = np.c_[np.ones([len(X),1]), X]"
   ]
  },
  {
   "cell_type": "code",
   "execution_count": 97,
   "metadata": {},
   "outputs": [],
   "source": [
    "X_train, X_test ,y_train, y_test = train_test_split(X_new, y,test_size = 0.2, random_state = 30)"
   ]
  },
  {
   "cell_type": "code",
   "execution_count": 98,
   "metadata": {},
   "outputs": [],
   "source": [
    "n_inputs = X_train.shape[1]"
   ]
  },
  {
   "cell_type": "code",
   "execution_count": 100,
   "metadata": {},
   "outputs": [],
   "source": [
    "n_outputs = len(np.unique(y))"
   ]
  },
  {
   "cell_type": "code",
   "execution_count": 153,
   "metadata": {},
   "outputs": [],
   "source": [
    "n_inputs = X_train.shape[1] # == 3 (2 features plus the bias term)\n",
    "n_outputs = len(np.unique(y_train))   # == 3 (3 iris classes)"
   ]
  },
  {
   "cell_type": "code",
   "execution_count": 154,
   "metadata": {},
   "outputs": [],
   "source": [
    "Theta = np.random.randn(n_inputs, n_outputs)"
   ]
  },
  {
   "cell_type": "code",
   "execution_count": 157,
   "metadata": {},
   "outputs": [],
   "source": [
    "def softmax(logits):\n",
    "    exps = np.exp(logits)\n",
    "    exp_sums = np.sum(exps, axis=1, keepdims=True)\n",
    "    return exps / exp_sums"
   ]
  },
  {
   "cell_type": "code",
   "execution_count": 158,
   "metadata": {},
   "outputs": [],
   "source": [
    "logits = X_train.dot(Theta)"
   ]
  },
  {
   "cell_type": "code",
   "execution_count": 159,
   "metadata": {},
   "outputs": [],
   "source": [
    "Y_proba = softmax(logits)"
   ]
  },
  {
   "cell_type": "code",
   "execution_count": 169,
   "metadata": {},
   "outputs": [
    {
     "data": {
      "text/plain": [
       "array([[0.00000000e+00, 0.00000000e+00, 3.06117277e-04],\n",
       "       [0.00000000e+00, 9.98733858e-01, 0.00000000e+00],\n",
       "       [0.00000000e+00, 0.00000000e+00, 2.63053171e-04],\n",
       "       [0.00000000e+00, 0.00000000e+00, 4.52452833e-04],\n",
       "       [0.00000000e+00, 0.00000000e+00, 4.02187897e-05],\n",
       "       [0.00000000e+00, 0.00000000e+00, 6.16194168e-04],\n",
       "       [0.00000000e+00, 9.96161234e-01, 0.00000000e+00],\n",
       "       [0.00000000e+00, 0.00000000e+00, 1.82186095e-04],\n",
       "       [0.00000000e+00, 9.98920713e-01, 0.00000000e+00],\n",
       "       [0.00000000e+00, 0.00000000e+00, 9.04879213e-05],\n",
       "       [0.00000000e+00, 0.00000000e+00, 1.83231776e-04],\n",
       "       [0.00000000e+00, 0.00000000e+00, 2.26045858e-04],\n",
       "       [6.78719890e-03, 0.00000000e+00, 0.00000000e+00],\n",
       "       [0.00000000e+00, 9.99367637e-01, 0.00000000e+00],\n",
       "       [0.00000000e+00, 0.00000000e+00, 2.78860374e-04],\n",
       "       [0.00000000e+00, 9.98616570e-01, 0.00000000e+00],\n",
       "       [0.00000000e+00, 9.99194923e-01, 0.00000000e+00],\n",
       "       [0.00000000e+00, 9.99644676e-01, 0.00000000e+00],\n",
       "       [0.00000000e+00, 9.98920713e-01, 0.00000000e+00],\n",
       "       [0.00000000e+00, 9.99067926e-01, 0.00000000e+00],\n",
       "       [5.00091492e-03, 0.00000000e+00, 0.00000000e+00],\n",
       "       [0.00000000e+00, 9.99286886e-01, 0.00000000e+00],\n",
       "       [0.00000000e+00, 0.00000000e+00, 3.16989094e-04],\n",
       "       [0.00000000e+00, 9.99019599e-01, 0.00000000e+00],\n",
       "       [4.09373982e-03, 0.00000000e+00, 0.00000000e+00],\n",
       "       [0.00000000e+00, 9.99711022e-01, 0.00000000e+00],\n",
       "       [6.03477360e-03, 0.00000000e+00, 0.00000000e+00],\n",
       "       [0.00000000e+00, 9.99367637e-01, 0.00000000e+00],\n",
       "       [0.00000000e+00, 9.99297941e-01, 0.00000000e+00],\n",
       "       [0.00000000e+00, 9.99573544e-01, 0.00000000e+00],\n",
       "       [4.44131708e-03, 0.00000000e+00, 0.00000000e+00],\n",
       "       [0.00000000e+00, 9.99367637e-01, 0.00000000e+00],\n",
       "       [3.01258440e-03, 0.00000000e+00, 0.00000000e+00],\n",
       "       [0.00000000e+00, 9.99194923e-01, 0.00000000e+00],\n",
       "       [4.09373982e-03, 0.00000000e+00, 0.00000000e+00],\n",
       "       [0.00000000e+00, 0.00000000e+00, 2.01142897e-04],\n",
       "       [0.00000000e+00, 0.00000000e+00, 5.26505956e-04],\n",
       "       [0.00000000e+00, 0.00000000e+00, 8.53575910e-05],\n",
       "       [4.94054981e-03, 0.00000000e+00, 0.00000000e+00],\n",
       "       [0.00000000e+00, 0.00000000e+00, 3.91044742e-04],\n",
       "       [0.00000000e+00, 9.99628132e-01, 0.00000000e+00],\n",
       "       [0.00000000e+00, 0.00000000e+00, 3.77220043e-05],\n",
       "       [5.00091492e-03, 0.00000000e+00, 0.00000000e+00],\n",
       "       [4.94054981e-03, 0.00000000e+00, 0.00000000e+00],\n",
       "       [0.00000000e+00, 9.99529172e-01, 0.00000000e+00],\n",
       "       [5.49422627e-03, 0.00000000e+00, 0.00000000e+00],\n",
       "       [0.00000000e+00, 0.00000000e+00, 4.39445415e-04],\n",
       "       [0.00000000e+00, 0.00000000e+00, 4.55052694e-04],\n",
       "       [0.00000000e+00, 0.00000000e+00, 1.15599309e-04],\n",
       "       [0.00000000e+00, 0.00000000e+00, 7.34022515e-04],\n",
       "       [5.05663221e-03, 0.00000000e+00, 0.00000000e+00],\n",
       "       [0.00000000e+00, 9.99478033e-01, 0.00000000e+00],\n",
       "       [5.55824340e-03, 0.00000000e+00, 0.00000000e+00],\n",
       "       [0.00000000e+00, 9.99367637e-01, 0.00000000e+00],\n",
       "       [0.00000000e+00, 9.99631603e-01, 0.00000000e+00],\n",
       "       [0.00000000e+00, 9.98310397e-01, 0.00000000e+00],\n",
       "       [0.00000000e+00, 0.00000000e+00, 1.94243838e-04],\n",
       "       [3.04878101e-03, 0.00000000e+00, 0.00000000e+00],\n",
       "       [0.00000000e+00, 9.98310397e-01, 0.00000000e+00],\n",
       "       [4.94054981e-03, 0.00000000e+00, 0.00000000e+00],\n",
       "       [0.00000000e+00, 9.99014696e-01, 0.00000000e+00],\n",
       "       [0.00000000e+00, 0.00000000e+00, 6.96418928e-04],\n",
       "       [0.00000000e+00, 9.99649226e-01, 0.00000000e+00],\n",
       "       [5.49422627e-03, 0.00000000e+00, 0.00000000e+00],\n",
       "       [4.44131708e-03, 0.00000000e+00, 0.00000000e+00],\n",
       "       [4.49775767e-03, 0.00000000e+00, 0.00000000e+00],\n",
       "       [0.00000000e+00, 0.00000000e+00, 5.77956899e-04],\n",
       "       [0.00000000e+00, 0.00000000e+00, 2.48141321e-04],\n",
       "       [3.68130797e-03, 0.00000000e+00, 0.00000000e+00],\n",
       "       [0.00000000e+00, 9.99451805e-01, 0.00000000e+00],\n",
       "       [0.00000000e+00, 9.98965214e-01, 0.00000000e+00],\n",
       "       [0.00000000e+00, 9.99454390e-01, 0.00000000e+00],\n",
       "       [4.44131708e-03, 0.00000000e+00, 0.00000000e+00],\n",
       "       [5.55824340e-03, 0.00000000e+00, 0.00000000e+00],\n",
       "       [8.36891922e-03, 0.00000000e+00, 0.00000000e+00],\n",
       "       [6.10781445e-03, 0.00000000e+00, 0.00000000e+00],\n",
       "       [0.00000000e+00, 0.00000000e+00, 4.26811381e-04],\n",
       "       [5.49422627e-03, 0.00000000e+00, 0.00000000e+00],\n",
       "       [0.00000000e+00, 0.00000000e+00, 5.26505956e-04],\n",
       "       [5.42581846e-03, 0.00000000e+00, 0.00000000e+00],\n",
       "       [4.94054981e-03, 0.00000000e+00, 0.00000000e+00],\n",
       "       [0.00000000e+00, 0.00000000e+00, 3.77632413e-04],\n",
       "       [0.00000000e+00, 0.00000000e+00, 4.81909012e-05],\n",
       "       [0.00000000e+00, 0.00000000e+00, 3.34118094e-04],\n",
       "       [2.67238502e-03, 0.00000000e+00, 0.00000000e+00],\n",
       "       [0.00000000e+00, 0.00000000e+00, 1.72843730e-04],\n",
       "       [0.00000000e+00, 9.99267202e-01, 0.00000000e+00],\n",
       "       [0.00000000e+00, 9.99337753e-01, 0.00000000e+00],\n",
       "       [0.00000000e+00, 0.00000000e+00, 1.88657520e-04],\n",
       "       [0.00000000e+00, 9.97743374e-01, 0.00000000e+00],\n",
       "       [0.00000000e+00, 9.99367637e-01, 0.00000000e+00],\n",
       "       [0.00000000e+00, 9.99506243e-01, 0.00000000e+00],\n",
       "       [0.00000000e+00, 9.99551053e-01, 0.00000000e+00],\n",
       "       [0.00000000e+00, 0.00000000e+00, 4.96670379e-04],\n",
       "       [5.49422627e-03, 0.00000000e+00, 0.00000000e+00],\n",
       "       [0.00000000e+00, 9.99480630e-01, 0.00000000e+00],\n",
       "       [5.49422627e-03, 0.00000000e+00, 0.00000000e+00],\n",
       "       [0.00000000e+00, 9.99573544e-01, 0.00000000e+00],\n",
       "       [8.28550061e-03, 0.00000000e+00, 0.00000000e+00],\n",
       "       [4.09373982e-03, 0.00000000e+00, 0.00000000e+00],\n",
       "       [4.44131708e-03, 0.00000000e+00, 0.00000000e+00],\n",
       "       [0.00000000e+00, 0.00000000e+00, 1.35299126e-04],\n",
       "       [0.00000000e+00, 9.98056738e-01, 0.00000000e+00],\n",
       "       [4.44131708e-03, 0.00000000e+00, 0.00000000e+00],\n",
       "       [4.94054981e-03, 0.00000000e+00, 0.00000000e+00],\n",
       "       [0.00000000e+00, 9.99177155e-01, 0.00000000e+00],\n",
       "       [0.00000000e+00, 0.00000000e+00, 9.59263727e-05],\n",
       "       [0.00000000e+00, 0.00000000e+00, 1.43430977e-04],\n",
       "       [0.00000000e+00, 0.00000000e+00, 1.82186095e-04],\n",
       "       [0.00000000e+00, 0.00000000e+00, 3.66774689e-04],\n",
       "       [3.63476941e-03, 0.00000000e+00, 0.00000000e+00],\n",
       "       [0.00000000e+00, 9.99337753e-01, 0.00000000e+00],\n",
       "       [0.00000000e+00, 0.00000000e+00, 2.69293057e-04],\n",
       "       [4.94054981e-03, 0.00000000e+00, 0.00000000e+00],\n",
       "       [0.00000000e+00, 0.00000000e+00, 5.94532303e-05],\n",
       "       [0.00000000e+00, 9.98920713e-01, 0.00000000e+00],\n",
       "       [0.00000000e+00, 0.00000000e+00, 8.29024999e-05],\n",
       "       [0.00000000e+00, 0.00000000e+00, 3.26374268e-04],\n",
       "       [5.00091492e-03, 0.00000000e+00, 0.00000000e+00],\n",
       "       [6.03477360e-03, 0.00000000e+00, 0.00000000e+00]])"
      ]
     },
     "execution_count": 169,
     "metadata": {},
     "output_type": "execute_result"
    }
   ],
   "source": [
    "y_train*Y_proba"
   ]
  },
  {
   "cell_type": "code",
   "execution_count": 168,
   "metadata": {},
   "outputs": [
    {
     "data": {
      "text/plain": [
       "(120, 3)"
      ]
     },
     "execution_count": 168,
     "metadata": {},
     "output_type": "execute_result"
    }
   ],
   "source": [
    "Y_proba.shape"
   ]
  },
  {
   "cell_type": "code",
   "execution_count": 140,
   "metadata": {
    "scrolled": true
   },
   "outputs": [],
   "source": [
    "exp_sum = np.sum(exps, axis = 1,keepdims = True)"
   ]
  },
  {
   "cell_type": "code",
   "execution_count": 144,
   "metadata": {},
   "outputs": [],
   "source": [
    "p = exps/exp_sum"
   ]
  },
  {
   "cell_type": "code",
   "execution_count": 152,
   "metadata": {},
   "outputs": [
    {
     "data": {
      "text/plain": [
       "array([[0.29064363, 0.18456057, 0.52479579],\n",
       "       [0.25838439, 0.1893637 , 0.55225191],\n",
       "       [0.2897294 , 0.18505562, 0.52521498],\n",
       "       [0.28464782, 0.18530653, 0.53004565],\n",
       "       [0.28471026, 0.18901032, 0.52627942],\n",
       "       [0.30023729, 0.18088773, 0.51887498],\n",
       "       [0.27117334, 0.182064  , 0.54676267],\n",
       "       [0.27942354, 0.18832954, 0.53224692],\n",
       "       [0.27166745, 0.18656697, 0.54176558],\n",
       "       [0.2700192 , 0.19193717, 0.53804363],\n",
       "       [0.29253479, 0.1849171 , 0.5225481 ],\n",
       "       [0.28883769, 0.18553847, 0.52562384],\n",
       "       [0.1876833 , 0.18068976, 0.63162694],\n",
       "       [0.27623348, 0.18682796, 0.53693856],\n",
       "       [0.28466356, 0.18624001, 0.52909643],\n",
       "       [0.27753606, 0.18441773, 0.53804621],\n",
       "       [0.26984142, 0.18783373, 0.54232486],\n",
       "       [0.26123079, 0.19206911, 0.5467001 ],\n",
       "       [0.27166745, 0.18656697, 0.54176558],\n",
       "       [0.27073882, 0.18721118, 0.54205   ],\n",
       "       [0.2069907 , 0.18100756, 0.61200175],\n",
       "       [0.25543298, 0.19187276, 0.55269426],\n",
       "       [0.30039472, 0.18204421, 0.51756107],\n",
       "       [0.26666422, 0.18808463, 0.54525115],\n",
       "       [0.22188272, 0.17944729, 0.59866999],\n",
       "       [0.27518494, 0.18876814, 0.53604692],\n",
       "       [0.17246077, 0.18906287, 0.63847635],\n",
       "       [0.27623348, 0.18682796, 0.53693856],\n",
       "       [0.28049323, 0.18551166, 0.5339951 ],\n",
       "       [0.2701797 , 0.18928607, 0.54053423],\n",
       "       [0.19285661, 0.18828587, 0.61885751],\n",
       "       [0.27623348, 0.18682796, 0.53693856],\n",
       "       [0.23387386, 0.17984392, 0.58628223],\n",
       "       [0.26984142, 0.18783373, 0.54232486],\n",
       "       [0.22188272, 0.17944729, 0.59866999],\n",
       "       [0.29759571, 0.18346669, 0.5189376 ],\n",
       "       [0.28560524, 0.18475252, 0.52964224],\n",
       "       [0.27565192, 0.19051197, 0.53383611],\n",
       "       [0.19174015, 0.18664654, 0.62161331],\n",
       "       [0.29717075, 0.18249191, 0.52033733],\n",
       "       [0.2799137 , 0.18703831, 0.53304798],\n",
       "       [0.27729576, 0.19113676, 0.53156748],\n",
       "       [0.2069907 , 0.18100756, 0.61200175],\n",
       "       [0.19174015, 0.18664654, 0.62161331],\n",
       "       [0.2744602 , 0.18795488, 0.53758493],\n",
       "       [0.19051704, 0.18485062, 0.62463234],\n",
       "       [0.28742042, 0.18468337, 0.52789621],\n",
       "       [0.29816741, 0.18197054, 0.51986206],\n",
       "       [0.2771042 , 0.18967161, 0.53322418],\n",
       "       [0.28462973, 0.18423345, 0.53113682],\n",
       "       [0.22229758, 0.17534774, 0.60235468],\n",
       "       [0.27861875, 0.1866616 , 0.53471965],\n",
       "       [0.20649501, 0.17893832, 0.61456667],\n",
       "       [0.27623348, 0.18682796, 0.53693856],\n",
       "       [0.26938469, 0.1898122 , 0.54080311],\n",
       "       [0.26003855, 0.18795746, 0.55200398],\n",
       "       [0.28796769, 0.18600957, 0.52602275],\n",
       "       [0.2464091 , 0.17522217, 0.57836873],\n",
       "       [0.26003855, 0.18795746, 0.55200398],\n",
       "       [0.19174015, 0.18664654, 0.62161331],\n",
       "       [0.27910998, 0.18499996, 0.53589006],\n",
       "       [0.30346863, 0.17987128, 0.51666009],\n",
       "       [0.27279059, 0.1890159 , 0.53819351],\n",
       "       [0.19051704, 0.18485062, 0.62463234],\n",
       "       [0.19285661, 0.18828587, 0.61885751],\n",
       "       [0.20744308, 0.18289605, 0.60966086],\n",
       "       [0.29203457, 0.18299568, 0.52496975],\n",
       "       [0.29432302, 0.18398164, 0.52169534],\n",
       "       [0.22170033, 0.18124968, 0.59705   ],\n",
       "       [0.26340553, 0.19047431, 0.54612015],\n",
       "       [0.262297  , 0.18902082, 0.54868219],\n",
       "       [0.27533329, 0.18740003, 0.53726668],\n",
       "       [0.19285661, 0.18828587, 0.61885751],\n",
       "       [0.20649501, 0.17893832, 0.61456667],\n",
       "       [0.18418034, 0.17554627, 0.64027339],\n",
       "       [0.18917124, 0.18287454, 0.62795423],\n",
       "       [0.29004854, 0.18409268, 0.52585878],\n",
       "       [0.19051704, 0.18485062, 0.62463234],\n",
       "       [0.28560524, 0.18475252, 0.52964224],\n",
       "       [0.17460056, 0.19074016, 0.63465928],\n",
       "       [0.19174015, 0.18664654, 0.62161331],\n",
       "       [0.28647671, 0.18521622, 0.52830706],\n",
       "       [0.28325409, 0.18920002, 0.52754588],\n",
       "       [0.28281135, 0.18636919, 0.53081945],\n",
       "       [0.22123172, 0.18588041, 0.59288787],\n",
       "       [0.29670417, 0.18391978, 0.51937605],\n",
       "       [0.2649792 , 0.1893203 , 0.5457005 ],\n",
       "       [0.27271748, 0.1876066 , 0.53967592],\n",
       "       [0.29030443, 0.18545061, 0.52424496],\n",
       "       [0.26183168, 0.18643308, 0.55173523],\n",
       "       [0.27623348, 0.18682796, 0.53693856],\n",
       "       [0.27099938, 0.18874362, 0.540257  ],\n",
       "       [0.26653447, 0.19012782, 0.54333771],\n",
       "       [0.29102817, 0.18355157, 0.52542026],\n",
       "       [0.19051704, 0.18485062, 0.62463234],\n",
       "       [0.26732152, 0.18958183, 0.54309665],\n",
       "       [0.19051704, 0.18485062, 0.62463234],\n",
       "       [0.2701797 , 0.18928607, 0.54053423],\n",
       "       [0.16452899, 0.18284551, 0.65262549],\n",
       "       [0.22188272, 0.17944729, 0.59866999],\n",
       "       [0.19285661, 0.18828587, 0.61885751],\n",
       "       [0.29082777, 0.18581009, 0.52336214],\n",
       "       [0.27572914, 0.1837493 , 0.54052156],\n",
       "       [0.19285661, 0.18828587, 0.61885751],\n",
       "       [0.19174015, 0.18664654, 0.62161331],\n",
       "       [0.2561303 , 0.19127995, 0.55258975],\n",
       "       [0.26379345, 0.19351241, 0.54269414],\n",
       "       [0.2862897 , 0.18691818, 0.52679213],\n",
       "       [0.27942354, 0.18832954, 0.53224692],\n",
       "       [0.28909461, 0.18461959, 0.5262858 ],\n",
       "       [0.20823883, 0.18621794, 0.60554323],\n",
       "       [0.27271748, 0.1876066 , 0.53967592],\n",
       "       [0.27199186, 0.18952349, 0.53848465],\n",
       "       [0.19174015, 0.18664654, 0.62161331],\n",
       "       [0.27933451, 0.19001064, 0.53065485],\n",
       "       [0.27166745, 0.18656697, 0.54176558],\n",
       "       [0.27827177, 0.1898491 , 0.53187914],\n",
       "       [0.29834547, 0.18251125, 0.51914328],\n",
       "       [0.2069907 , 0.18100756, 0.61200175],\n",
       "       [0.17246077, 0.18906287, 0.63847635]])"
      ]
     },
     "execution_count": 152,
     "metadata": {},
     "output_type": "execute_result"
    }
   ],
   "source": [
    "p"
   ]
  },
  {
   "cell_type": "code",
   "execution_count": 151,
   "metadata": {},
   "outputs": [
    {
     "data": {
      "text/plain": [
       "array([[-2.47131479, -3.37955511, -1.28949211],\n",
       "       [-1.35330693, -1.66408576, -0.59375098],\n",
       "       [-2.4776158 , -3.37419769, -1.28789523],\n",
       "       [-2.51300516, -3.37148785, -1.26958428],\n",
       "       [-2.51256651, -3.3319073 , -1.28384598],\n",
       "       [-2.40636428, -3.41975747, -1.31218462],\n",
       "       [-1.30499705, -1.70339702, -0.60374045],\n",
       "       [-2.55005315, -3.339124  , -1.26129552],\n",
       "       [-1.30317658, -1.67896499, -0.61292188],\n",
       "       [-2.61852444, -3.30117442, -1.23963123],\n",
       "       [-2.45834333, -3.37569529, -1.29807648],\n",
       "       [-2.48378075, -3.36898606, -1.28633891],\n",
       "       [-0.        , -0.        , -0.        ],\n",
       "       [-1.28650881, -1.67756709, -0.62187161],\n",
       "       [-2.51289459, -3.36143811, -1.27316915],\n",
       "       [-1.2818044 , -1.69055183, -0.61981083],\n",
       "       [-1.30992084, -1.67219813, -0.61189009],\n",
       "       [-1.342351  , -1.64990004, -0.60385489],\n",
       "       [-1.30317658, -1.67896499, -0.61292188],\n",
       "       [-1.30660068, -1.675518  , -0.61239704],\n",
       "       [-0.        , -0.        , -0.        ],\n",
       "       [-1.36479523, -1.65092283, -0.5929503 ],\n",
       "       [-2.40531586, -3.40701143, -1.3172555 ],\n",
       "       [-1.32176501, -1.67086324, -0.60650877],\n",
       "       [-0.        , -0.        , -0.        ],\n",
       "       [-1.29031189, -1.66723579, -0.62353359],\n",
       "       [-0.        , -0.        , -0.        ],\n",
       "       [-1.28650881, -1.67756709, -0.62187161],\n",
       "       [-1.27120567, -1.68463754, -0.62736861],\n",
       "       [-1.30866798, -1.6644958 , -0.61519732],\n",
       "       [-0.        , -0.        , -0.        ],\n",
       "       [-1.28650881, -1.67756709, -0.62187161],\n",
       "       [-0.        , -0.        , -0.        ],\n",
       "       [-1.30992084, -1.67219813, -0.61189009],\n",
       "       [-0.        , -0.        , -0.        ],\n",
       "       [-2.42403877, -3.39144432, -1.31194327],\n",
       "       [-2.50628938, -3.37747619, -1.27110704],\n",
       "       [-2.57723271, -3.3160805 , -1.25533281],\n",
       "       [-0.        , -0.        , -0.        ],\n",
       "       [-2.42689675, -3.40209885, -1.30655592],\n",
       "       [-1.27327393, -1.6764418 , -0.62914383],\n",
       "       [-2.56534126, -3.30953215, -1.26385025],\n",
       "       [-0.        , -0.        , -0.        ],\n",
       "       [-0.        , -0.        , -0.        ],\n",
       "       [-1.29294903, -1.67155337, -0.62066852],\n",
       "       [-0.        , -0.        , -0.        ],\n",
       "       [-2.49361851, -3.37822491, -1.27771116],\n",
       "       [-2.42020036, -3.40782098, -1.30838356],\n",
       "       [-2.56672332, -3.32492209, -1.25762667],\n",
       "       [-2.51313226, -3.38310317, -1.26547125],\n",
       "       [-0.        , -0.        , -0.        ],\n",
       "       [-1.27791092, -1.67845792, -0.62601269],\n",
       "       [-0.        , -0.        , -0.        ],\n",
       "       [-1.28650881, -1.67756709, -0.62187161],\n",
       "       [-1.31161483, -1.66172013, -0.61470001],\n",
       "       [-1.34692537, -1.67153961, -0.59420001],\n",
       "       [-2.48981401, -3.36391434, -1.28482165],\n",
       "       [-0.        , -0.        , -0.        ],\n",
       "       [-1.34692537, -1.67153961, -0.59420001],\n",
       "       [-0.        , -0.        , -0.        ],\n",
       "       [-1.27614938, -1.68739967, -0.62382625],\n",
       "       [-2.38495409, -3.43102754, -1.32074018],\n",
       "       [-1.29905085, -1.66592413, -0.6195371 ],\n",
       "       [-0.        , -0.        , -0.        ],\n",
       "       [-0.        , -0.        , -0.        ],\n",
       "       [-0.        , -0.        , -0.        ],\n",
       "       [-2.46176619, -3.39658545, -1.28882928],\n",
       "       [-2.44615481, -3.38583867, -1.30134299],\n",
       "       [-0.        , -0.        , -0.        ],\n",
       "       [-1.33406048, -1.65823793, -0.60491627],\n",
       "       [-1.33827783, -1.66589814, -0.6002359 ],\n",
       "       [-1.28977297, -1.67450974, -0.62126069],\n",
       "       [-0.        , -0.        , -0.        ],\n",
       "       [-0.        , -0.        , -0.        ],\n",
       "       [-0.        , -0.        , -0.        ],\n",
       "       [-0.        , -0.        , -0.        ],\n",
       "       [-2.47541399, -3.38463192, -1.28544515],\n",
       "       [-0.        , -0.        , -0.        ],\n",
       "       [-2.50628938, -3.37747619, -1.27110704],\n",
       "       [-0.        , -0.        , -0.        ],\n",
       "       [-0.        , -0.        , -0.        ],\n",
       "       [-2.50019605, -3.37246272, -1.27615521],\n",
       "       [-2.52282185, -3.329901  , -1.27903887],\n",
       "       [-2.52595039, -3.36005135, -1.26666665],\n",
       "       [-0.        , -0.        , -0.        ],\n",
       "       [-2.43003938, -3.38651121, -1.31025418],\n",
       "       [-1.32810393, -1.66431499, -0.605685  ],\n",
       "       [-1.29931889, -1.67340804, -0.61678647],\n",
       "       [-2.47365029, -3.36993335, -1.29159246],\n",
       "       [-1.34005341, -1.67968291, -0.594687  ],\n",
       "       [-1.28650881, -1.67756709, -0.62187161],\n",
       "       [-1.30563875, -1.66736569, -0.61571033],\n",
       "       [-1.32225171, -1.66005868, -0.61002422],\n",
       "       [-2.4686704 , -3.39051922, -1.2871137 ],\n",
       "       [-0.        , -0.        , -0.        ],\n",
       "       [-1.31930316, -1.66293452, -0.61046798],\n",
       "       [-0.        , -0.        , -0.        ],\n",
       "       [-1.30866798, -1.6644958 , -0.61519732],\n",
       "       [-0.        , -0.        , -0.        ],\n",
       "       [-0.        , -0.        , -0.        ],\n",
       "       [-0.        , -0.        , -0.        ],\n",
       "       [-2.4700481 , -3.36606026, -1.29496326],\n",
       "       [-1.28833629, -1.69418294, -0.61522075],\n",
       "       [-0.        , -0.        , -0.        ],\n",
       "       [-0.        , -0.        , -0.        ],\n",
       "       [-1.36206899, -1.65401721, -0.59313942],\n",
       "       [-2.66517774, -3.28482725, -1.2224188 ],\n",
       "       [-2.50150212, -3.3541686 , -1.28189852],\n",
       "       [-2.55005315, -3.339124  , -1.26129552],\n",
       "       [-2.48200253, -3.37891573, -1.28382173],\n",
       "       [-0.        , -0.        , -0.        ],\n",
       "       [-1.29931889, -1.67340804, -0.61678647],\n",
       "       [-2.60396624, -3.32648464, -1.23799258],\n",
       "       [-0.        , -0.        , -0.        ],\n",
       "       [-2.55069051, -3.32135038, -1.26728695],\n",
       "       [-1.30317658, -1.67896499, -0.61292188],\n",
       "       [-2.55831414, -3.32305151, -1.262678  ],\n",
       "       [-2.41900633, -3.40188695, -1.31115073],\n",
       "       [-0.        , -0.        , -0.        ],\n",
       "       [-0.        , -0.        , -0.        ]])"
      ]
     },
     "execution_count": 151,
     "metadata": {},
     "output_type": "execute_result"
    }
   ],
   "source": [
    "y_train.reshape(-1,1)*np.log(p)"
   ]
  },
  {
   "cell_type": "code",
   "execution_count": null,
   "metadata": {},
   "outputs": [],
   "source": []
  }
 ],
 "metadata": {
  "kernelspec": {
   "display_name": "Python 3",
   "language": "python",
   "name": "python3"
  },
  "language_info": {
   "codemirror_mode": {
    "name": "ipython",
    "version": 3
   },
   "file_extension": ".py",
   "mimetype": "text/x-python",
   "name": "python",
   "nbconvert_exporter": "python",
   "pygments_lexer": "ipython3",
   "version": "3.7.3"
  }
 },
 "nbformat": 4,
 "nbformat_minor": 2
}
